50000999 50000976 50000998 50000976
50000650 50000633 50000984 50000976
50001929 50000507 50000659 50000507
50001035 50000976 50000998 50000976
50001445 50000938 50003862 50000938
50001446 50000938 50003862 50000938
50001620 50000966 50001396 50000966
50001548 50000974 50000608 50000507
50001071 50000967 50001137 50000967
50001070 50000979 50001137 50000967
50001397 50000966 50001399 50000966
50001404 50000966 50001398 50000966
50001404 50000607 50001398 50000966
50004109 50003983 50001086 50000972
50001710 50000976 50000998 50000976
50001171 50000969 50003707 50005039
50001171 50001886 50003707 50005039
50001172 50000969 50000990 50000969
50000956 50000507 50000655 50000507
50001152 50000967 50001106 50000967
50000834 50000633 50005109 50000976
50000834 50000976 50005109 50000976
50000817 50011153 50005110 50011153
50000817 50000976 50005115 50000976
50001974 50000507 50001173 50000969
50001907 50001885 50000865 50000632
50001973 50000507 50001976 50000507
50001973 50000975 50001976 50000507
50001973 50000976 50001976 50000507
50001990 50001886 50000984 50000976
50002246 50000976 50000991 50000976
50001165 50001885 60000418 50000632
50001165 50000969 60000418 50000632
50001168 50001886 50005109 50000976
50001168 50000976 50005109 50000976
50001168 50000969 50005109 50000976
50001081 50000967 50001106 50000967
50001082 50000975 50001166 50000969
50001082 50000969 50001166 50000969
50001366 50000632 50000867 50000632
50001366 50001885 50000867 50000632
50005052 50005039 50003707 50005039
50001403 50000966 50001399 50000966
50001028 50000973 50000866 50000632
50001028 50000632 50000866 50000632
50002167 50000970 50001912 50005608
50000668 50000632 50000666 50000632
50004485 50000975 50001309 50005040
50004485 50004432 50001309 50005040
50002037 50000940 50002033 50000940
50002037 50000968 50001268 50000968
50001026 50000632 50004234 50004232
50001026 50000973 50004234 50004232
50001026 50004232 50004234 50004232
50001027 50000973 50004234 50004232
50001434 50000970 50001912 50005608
50000986 50000976 50000991 50000976
50000986 50000976 50000991 50000976
50001746 50000938 50001444 50000938
50001143 50000979 50001139 50000967
50000985 50000945 50000655 50000507
50001000 50000976 50000991 50000976
50001001 50000976 50000991 50000976
50001002 50000945 50000655 50000507
50001002 50000507 50000608 50000507
50001003 50000976 50000994 50000976
50001927 50000632 50000866 50000632
50001042 50001007 50000659 50000507
50001042 50000507 50000659 50000507
50001923 50000507 50000655 50000507
50001045 50000975 50001211 50000969
50001045 50000969 50001211 50000969
50000988 50000976 50000991 50000976
50000988 50000976 50000991 50000976
50000988 50001886 50000991 50000976
50000988 50002907 50005109 50000976
50001141 50000967 50001106 50000967
50001141 50000979 50001106 50000967
50001989 50001886 50005109 50000976
50001989 50000969 50001211 50000969
50001948 50000976 50005109 50000976
50001948 50003983 50005109 50000976
50000869 50000632 60000437 50000632
50001169 50000969 50001166 50000969
50001142 50000979 50001137 50000967
50001277 50000940 50001545 50000940
50001145 50000967 50001137 50000967
50001400 50000966 50001401 50000966
50001311 50000975 50005132 50005040
50001091 50000972 50001086 50000972
50001091 50000607 50001442 50000607
50001809 50001008 50000946 50000937
